"sgID","gene_TSS","cell_line","species","time_point","Residuals"
"AATF_-_35306340.23-P1P2","AATF__P1P2",0.691348086367395,2.54353407926396e-09,0.132856138774837,0.175795772314234
"AATF_-_35306346.23-P1P2","AATF__P1P2",0.285689526634906,0,0.344996384753922,0.369314088611172
"AATF_-_35306333.23-P1P2","AATF__P1P2",0.620659256115764,0.0306729771637097,0.160944976065822,0.187722790654705
"AATF_-_35306312.23-P1P2","AATF__P1P2",0.809524664058357,0.0568249955557,0,0.133650340385943
"AATF__P1P2__secondary__FWD__35","AATF__P1P2",0.112193933906372,6.47153941385458e-11,0.714829275374578,0.172976790654334
"AATF__P1P2__secondary__FWD__50","AATF__P1P2",0.109625185246355,0,0.673258935536165,0.21711587921748
"AATF__P1P2__secondary__FWD__53","AATF__P1P2",0.0542344708416547,2.22593188347684e-09,0.724793606177846,0.220971920754568
"AATF__P1P2__secondary__FWD__55","AATF__P1P2",0.127268036498631,0,0.71621194221888,0.156520021282489
"ABCB10__P1P2__primary__RVS__7","ABCB10__P1P2",0.0812826102718688,0.0870895382296818,0.0998788640018319,0.731748987496618
"ABCB10_+_229694285.23-P1P2","ABCB10__P1P2",0.0162916081522572,0.054352286936548,0.835108622168391,0.0942474827428038
"ABCB10__P1P2__primary__FWD__3","ABCB10__P1P2",0.322340982313827,1.50444168470657e-10,0,0.677659017535729
"ABCB10__P1P2__primary__RVS__1","ABCB10__P1P2",0.0380348077524173,0,0.0103095846794628,0.95165560756812
"ABCB10__P1P2__primary__FWD__50","ABCB10__P1P2",0,0,0.157713601601059,0.84228639839894
"ABCB10__P1P2__primary__FWD__49","ABCB10__P1P2",0.160951634673187,4.59513892504218e-09,0.122726444955191,0.716321915776484
"ABCB10__P1P2__primary__FWD__86","ABCB10__P1P2",0.0931686643160823,0,0.0211959221467042,0.885635413537214
"ABCB10__P1P2__primary__RVS__41","ABCB10__P1P2",0.238308089276903,0.082516410274877,0.0858088660931664,0.593366634355053
"ABHD16A_-_31670764.23-P1P2","ABHD16A__P1P2",0.260994609551949,0.022322629367118,0.223830897626388,0.492851863454545
"ABHD16A_-_31670679.23-P1P2","ABHD16A__P1P2",0.109902912006587,1.26847190256196e-09,0.306596646438103,0.583500440286838
"ABHD16A_+_31671120.23-P1P2","ABHD16A__P1P2",0.129526601273927,1.47016853755637e-10,0.216309482371543,0.654163916207513
"ABHD16A_-_31670671.23-P1P2","ABHD16A__P1P2",0.192156572531884,0,0.412935595335787,0.394907832132329
"ABHD16A__31670342__RVS__98","ABHD16A__P1P2",0,0.0428378178743354,0.145551774798216,0.811610407327448
"ABHD16A__31670342__RVS__92","ABHD16A__P1P2",0,0.0394442657718206,0.801033321725342,0.159522412502837
"ABHD16A__31670342__FWD__80","ABHD16A__P1P2",0.214656254109332,1.22318398125512e-10,0.314139108451401,0.471204637316948
"ABHD16A__31670342__FWD__26","ABHD16A__P1P2",0.137959882584262,0,0.0660571496238417,0.795982967791896
"ACAD11_-_132378623.23-P1P2","ACAD11__P1P2",0.0732444729770868,0.274954688274397,0.261263753798665,0.390537084949851
"ACAD11_-_132378633.23-P1P2","ACAD11__P1P2",0.157628820957663,0.253329365206114,0.171341599147756,0.417700214688467
"ACAD11_-_132379444.23-P1P2","ACAD11__P1P2",0.239888010141494,0.202626889659929,0.129062770323926,0.42842232987465
"ACAD11_+_132378312.23-P1P2","ACAD11__P1P2",0.193058846856671,0.218620611468499,0.170255849699391,0.418064691975439
"ACAD11_+_132379379.23-P1P2","ACAD11__P1P2",0.202451496169574,0.245061298059781,0.145347119412821,0.407140086357824
"ACAD11__P1P2__primary__FWD__56","ACAD11__P1P2",0.130552213930704,0,0.0737812670002534,0.795666519069042
"ACAD11__P1P2__primary__FWD__65","ACAD11__P1P2",0.295947648379259,0,0.0837789768038274,0.620273374816914
"ACAD11__P1P2__primary__FWD__66","ACAD11__P1P2",0.105555070206972,9.67529384402879e-11,0,0.894444929696275
"ACADS__P1P2__primary__RVS__-24","ACADS__P1P2",0.0212611636783221,0.0733901780781156,0.143638538160301,0.761710120083261
"ACADS_+_121164090.23-P1P2","ACADS__P1P2",0.287374982573757,0.0172762901817142,8.74389293899171e-08,0.6953486398056
"ACADS__P1P2__primary__RVS__0","ACADS__P1P2",0.268556537729007,6.57667465472947e-05,0.0300871015234196,0.701290594001027
"ACADS__P1P2__primary__RVS__86","ACADS__P1P2",0.379323623321845,0,6.4988153071367e-09,0.62067637017934
"ACADS__P1P2__primary__FWD__90","ACADS__P1P2",0.373495792318345,1.30397959858991e-10,0.0755734360608296,0.550930771490428
"ACADS__P1P2__primary__RVS__225","ACADS__P1P2",0,0,0,1
"ACADS__P1P2__primary__RVS__240","ACADS__P1P2",0,0,0.0285642676170836,0.971435732382916
"ACADS__P1P2__primary__FWD__232","ACADS__P1P2",0.0484960626850661,0,0,0.951503937314934
"ACAT2_+_160183436.23-P1P2","ACAT2__P1P2",0.0783327993305844,0.173818621449414,0.19374232837095,0.554106250849052
"ACAT2_+_160183505.23-P1P2","ACAT2__P1P2",0.0960306902485702,0.15822263044344,0.252500593697887,0.493246085610104
"ACAT2_-_160183095.23-P1P2","ACAT2__P1P2",0.122999366647106,0.126372561006604,0.439663578264467,0.310964494081823
"ACAT2_-_160183174.23-P1P2","ACAT2__P1P2",0.0923841845627632,0.11338368420527,0.470033978083946,0.324198153148021
"ACAT2__P1P2__secondary__FWD__36","ACAT2__P1P2",1.28323160760482e-10,0.145624718133366,0.365965997029844,0.488409284708467
"ACAT2__P1P2__secondary__FWD__41","ACAT2__P1P2",0,0.316119241337452,0.346950033883423,0.336930724779126
"ACAT2__P1P2__secondary__FWD__62","ACAT2__P1P2",5.46526523928441e-11,0.229535884065131,0.355337043771392,0.415127072108824
"ACAT2__P1P2__primary__FWD__72","ACAT2__P1P2",0.0468554631998913,0.120177663296505,0.454834197953051,0.378132675550552
"ACLY_-_40074817.23-P1P2","ACLY__P1P2",0.36691437289453,1.56514659310641e-10,0.204980329779019,0.428105297169937
"ACLY_-_40075227.23-P1P2","ACLY__P1P2",0,2.56510817568264e-11,0.77625954595003,0.223740454024319
"ACLY_+_40075121.23-P1P2","ACLY__P1P2",0,1.62361794571076e-10,0.540690611413386,0.459309388424252
"ACLY_-_40075090.23-P1P2","ACLY__P1P2",0.0324022712480713,0.00586494229196318,0.466620932344943,0.495111854115023
"ACLY_+_40074807.23-P1P2","ACLY__P1P2",0.38425881258717,0.0197848347116806,0.177407697137203,0.418548655563947
"ACLY__P1P2__primary__FWD__16","ACLY__P1P2",0,1.93043420159907e-16,0.677958862237134,0.322041137762866
"ACLY__P1P2__primary__FWD__51","ACLY__P1P2",0.0669776260551409,0,0,0.933022373944859
"ACLY__P1P2__primary__FWD__95","ACLY__P1P2",0.523779748332454,0,0.0702784844464554,0.40594176722109
"ACTA2_+_90750678.23-P2","ACTA2__P2",0.0718398758419896,0,0.720383334908746,0.207776789249265
"ACTA2_-_90751066.23-P2","ACTA2__P2",0.139577358672401,0,0.0481379469152804,0.812284694412319
"ACTA2__P2__primarysecondary__FWD__36","ACTA2__P2",0.341747453834023,0.148055646287988,0.022039956236852,0.488156943641137
"ACTA2__P2__primarysecondary__RVS__39","ACTA2__P2",0.168801736236759,0.0663631774390144,0.114369068465232,0.650466017858995
"ACTA2__P2__primarysecondary__RVS__44","ACTA2__P2",0.137162536917793,2.75872757749853e-10,0,0.862837462806334
"ACTA2__P2__primarysecondary__RVS__49","ACTA2__P2",0.294511668310618,0.0616239777683098,0,0.643864353921073
"ACTA2__P2__primarysecondary__RVS__59","ACTA2__P2",0.108736688238643,1.68148346660646e-10,0,0.891263311593209
"ACTA2__P2__primarysecondary__FWD__69","ACTA2__P2",0.12301459157202,0,0.0653872110860884,0.811598197341891
"ACTR5_+_37377152.23-P1P2","ACTR5__P1P2",0.262287038630858,0,0.162038640452868,0.575674320916274
"ACTR5_+_37377138.23-P1P2","ACTR5__P1P2",0.255294201511055,4.9901164730732e-10,0.250103658009507,0.494602139980427
"ACTR5_+_37377158.23-P1P2","ACTR5__P1P2",0.00680351678008969,0,0.717391476068604,0.275805007151307
"ACTR5_-_37377127.23-P1P2","ACTR5__P1P2",0.263526478489472,0,0.176593694659319,0.559879826851208
"ACTR5__P1P2__primarysecondary__FWD__7","ACTR5__P1P2",0.158537863768626,0,0.208576943996805,0.632885192234569
"ACTR5__P1P2__primarysecondary__FWD__35","ACTR5__P1P2",0.0797102246630475,5.63236052964201e-09,0.138008709416909,0.782281060287683
"ACTR5__P1P2__primarysecondary__RVS__71","ACTR5__P1P2",0.269461604470506,0.169731054293103,0.10173548989786,0.459071851338531
"ACTR5__P1P2__primarysecondary__RVS__76","ACTR5__P1P2",0.131722467961705,0,0.487568569296287,0.380708962742008
"ACTR8_-_53916193.23-P1P2","ACTR8__P1P2",0.195330930993853,0,0.32511368269981,0.479555386306337
"ACTR8_-_53915974.23-P1P2","ACTR8__P1P2",0.000815119219086516,0,0.945153141503547,0.0540317392773665
"ACTR8__P1P2__primary__RVS__3","ACTR8__P1P2",0.00151393771653346,0,0.693638426323558,0.304847635959909
"ACTR8_+_53916142.23-P1P2","ACTR8__P1P2",0,0.060746182746618,0,0.939253817253382
"ACTR8__P1P2__primary__RVS__20","ACTR8__P1P2",0.081865135304227,0.00724833334299284,0.0527504263925989,0.858136104960181
"ACTR8__P1P2__primary__FWD__54","ACTR8__P1P2",0,0.00850107410555689,0.905548281783409,0.0859506441110342
"ACTR8__P1P2__primary__RVS__16","ACTR8__P1P2",0.0367483399864969,5.64379167344971e-09,0.591308978101744,0.371942676267967
"ACTR8__P1P2__primary__FWD__16","ACTR8__P1P2",0.127874808216686,0.0750873869406771,0.363564151663659,0.433473653178978
"ADAM18_+_39442506.23-P1P2","ADAM18__P1P2",0.0250858190464313,0,0,0.974914180953569
"ADAM18_-_39442133.23-P1P2","ADAM18__P1P2",0,0.618850264307015,0.0346959431928597,0.346453792500126
"ADAM18__P1P2__primary__RVS__-19","ADAM18__P1P2",0.291102830397713,0.0518823186699284,0.0199239559337074,0.637090894998651
"ADAM18__P1P2__primary__RVS__-11","ADAM18__P1P2",0.0911595903606582,0,0.111258102138205,0.797582307501136
"ADAM18__P1P2__primary__FWD__17","ADAM18__P1P2",0,0.0189634511913817,0,0.981036548808618
"ADAM18__P1P2__primary__FWD__79","ADAM18__P1P2",0.239608021612777,0.0988932041015721,0.0854883399756492,0.576010434310002
"ADAM18__P1P2__primary__FWD__111","ADAM18__P1P2",0.114728054417495,0,3.20585651764449e-09,0.885271942376648
"ADAM18__P1P2__primary__FWD__112","ADAM18__P1P2",0.0166342166294751,4.11800606055672e-10,0,0.983365782958724
"ADAMTS16__P2__primarysecondary__RVS__69","ADAMTS16__P2",0.0991397264740759,0,0,0.900860273525924
"ADAMTS16_+_5140497.23-P2","ADAMTS16__P2",0.339973372625005,0.116950953201357,0.00849652804329819,0.534579146130339
"ADAMTS16__P2__primarysecondary__FWD__42","ADAMTS16__P2",0.124723969200912,0.0416521586399124,0.0546126204002033,0.779011251758973
"ADAMTS16__P2__primarysecondary__FWD__44","ADAMTS16__P2",0.101951189121997,0.0687371106168621,0.0107878381824163,0.818523862078724
"ADAMTS16__P2__primarysecondary__RVS__73","ADAMTS16__P2",0.037329293743084,0,0,0.962670706256916
"ADAMTS16__P2__primarysecondary__FWD__71","ADAMTS16__P2",0,0,0.0476990872085568,0.952300912791443
"ADAMTS16__P2__primarysecondary__RVS__72","ADAMTS16__P2",0.0027912962461963,0.144658684073395,0.141852204241226,0.710697815439183
"ADAMTS16__P2__primarysecondary__FWD__67","ADAMTS16__P2",0.52709009102153,0,0.197687222827011,0.275222686151459
"ADD1__P1P2__secondary__RVS__68","ADD1__P1P2",0.136596300620834,0.0867948798167531,0.326694668205571,0.449914151356841
"ADD1__P1P2__secondary__FWD__40","ADD1__P1P2",0.382317813379672,3.12991923500896e-09,0.0967084534750468,0.520973730015362
"ADD1__P1P2__secondary__RVS__42","ADD1__P1P2",0.177150582257332,0.157710253940795,0,0.665139163801873
"ADD1_-_2845697.23-P1P2","ADD1__P1P2",0.0916103063521636,0.300505566613643,0.0818684136873107,0.526015713346883
"ADD1_-_2845997.23-P1P2","ADD1__P1P2",0.311692257515479,2.2500521295379e-09,0.0209922236259498,0.667315516608519
"ADD1_-_2845596.23-P1P2","ADD1__P1P2",0,0,0,1
"ADD1_+_2846015.23-P1P2","ADD1__P1P2",0.146647406082136,0,2.65355072551415e-10,0.853352593652509
"ADD1_-_2845605.23-P1P2","ADD1__P1P2",0.246307279834973,0,0.168480882475564,0.585211837689463
"AEN_+_89164562.23-P1P2","AEN__P1P2",0.21792060064493,0.0159366929514085,0.288742570339337,0.477400136064324
"AEN__P1P2__primary__RVS__50","AEN__P1P2",0.274296362019758,8.20172643669979e-10,0.294270147010395,0.431433490149674
"AEN__P1P2__primary__FWD__-11","AEN__P1P2",0.366470925268794,0,0.20618804834539,0.427341026385817
"AEN_+_89164789.23-P1P2","AEN__P1P2",0.110847901009318,0,0.465328313159199,0.423823785831482
"AEN__P1P2__primary__FWD__65","AEN__P1P2",0.267168367913814,0,0.439012981037651,0.293818651048535
"AEN__P1P2__primary__FWD__246","AEN__P1P2",0.0202546396421034,0,0,0.979745360357897
"AEN__P1P2__primary__FWD__247","AEN__P1P2",0.0726294840212356,0.177843710816835,1.25137118061033e-09,0.749526803910559
"AEN__P1P2__primary__FWD__248","AEN__P1P2",0.35010601631303,6.67644387400398e-07,0.122789477183975,0.527103838858608
"AES__P1P2__secondary__FWD__98","AES__P1P2",0.398035106305673,0,0.194653791711543,0.407311101982784
"AES__P1P2__secondary__FWD__84","AES__P1P2",0.256695140607487,0,0.28691391647566,0.456390942916853
"AES__P1P2__secondary__FWD__90","AES__P1P2",0.265334804405808,0,0,0.734665195594192
"AES__P1P2__primary__FWD__18","AES__P1P2",0.262599557770667,0.101145588311101,0,0.636254853918232
"AES_+_3061863.23-P1P2","AES__P1P2",0.147520384837183,0,0,0.852479615162817
"AES_-_3061802.23-P1P2","AES__P1P2",0.183459448824062,0,0.252976208286956,0.563564342888982
"AES_-_3062083.23-P1P2","AES__P1P2",0.258070703913,0.0758405447790631,0.299177125222359,0.366911626085578
"AES__P1P2__primary__RVS__6","AES__P1P2",0.233566940057477,2.05422798343418e-09,0.398223866107009,0.368209191781285
"AGO1__36348590__RVS__53","AGO1__36348590",0.0749335337272502,0,0.0273797354371655,0.897686730835584
"AGO1__36348590__FWD__49","AGO1__36348590",0.1481100197236,7.25404325612339e-10,0,0.851889979550995
"AGO1__36348590__FWD__48","AGO1__36348590",0.00642041464488619,0,0,0.993579585355114
"AGO1__36348590__FWD__72","AGO1__36348590",0.311530112991636,1.2485172696069e-08,0.0668782924936317,0.621591582029559
"AGO1__36348590__FWD__31","AGO1__36348590",0.0998505703908878,0,0.234403492595536,0.665745937013576
"AGO1__36348590__RVS__22","AGO1__36348590",0,0,0.334534890957016,0.665465109042984
"AGO1__36348590__FWD__7","AGO1__36348590",0.13441647496086,0.175780580779214,1.27427899767778e-09,0.689802942985647
"AGO1__36348590__RVS__34","AGO1__36348590",0.0725008293927498,0,0,0.92749917060725
"AGO2__141644983__RVS__53","AGO2__141644983",0.585897806013796,0,0,0.414102193986204
"AGO2__141644983__FWD__45","AGO2__141644983",0.392493715346317,0,0,0.607506284653683
"AGO2__141644983__RVS__49","AGO2__141644983",0.137431533492435,0.210573978131375,0.102574247439491,0.549420240936699
"AGO2__141644983__RVS__52","AGO2__141644983",0.376299854903165,2.14693285671155e-09,5.2998967518806e-09,0.623700137650006
"AGO2__141644983__RVS__54","AGO2__141644983",0.105651886439918,0.150533845401719,0.215661657395361,0.528152610763002
"AGO2__141644983__RVS__58","AGO2__141644983",0.160100260412907,0.060682247677118,0.00434848834140354,0.774869003568571
"AGO2__141644983__FWD__64","AGO2__141644983",0.55286503191659,0,0,0.44713496808341
"AGO2__141644983__FWD__67","AGO2__141644983",0.254985652850735,0,8.46276331502032e-08,0.745014262521632
"AGPS__P1P2__primarysecondary__FWD__64","AGPS__P1P2",0.0168430407875566,0.0170281420140368,0.718106101017386,0.248022716181021
"AGPS_-_178257644.23-P1P2","AGPS__P1P2",0.0972781593370616,0,0,0.902721840662938
"AGPS_-_178257511.23-P1P2","AGPS__P1P2",0.182566449721869,0,0.0525628257742541,0.764870724503877
"AGPS_-_178257520.23-P1P2","AGPS__P1P2",2.25656813371216e-09,0.0622138926631465,0.0415737895450455,0.89621231553524
"AGPS_-_178257877.23-P1P2","AGPS__P1P2",0,0.171024283127923,0.0815598232564812,0.747415893615596
"AGPS_-_178257523.23-P1P2","AGPS__P1P2",0.0929989610677736,0,0,0.907001038932226
"AGPS__P1P2__primarysecondary__FWD__36","AGPS__P1P2",0.122459770434114,2.63343157933732e-09,0.210453624209102,0.667086602723353
"AGPS__P1P2__primarysecondary__FWD__46","AGPS__P1P2",0.276519075258182,4.45381762488334e-08,0.152066363947907,0.571414516255735
"AHR_+_17338738.23-P1P2","AHR__P1P2",0.453489790959262,2.10617825547716e-15,0.177799564173366,0.36871064486737
"AHR_+_17338717.23-P1P2","AHR__P1P2",0,1.25365812881069e-09,0.242389526142343,0.757610472603998
"AHR__P1P2__secondary__FWD__497","AHR__P1P2",0.280605475890397,0,0.349256891191077,0.370137632918526
"AHR__P1P2__primary__FWD__457","AHR__P1P2",0.190082919305154,0,0.311832768254603,0.498084312440243
"AHR__P1P2__primary__FWD__1","AHR__P1P2",4.92578249462247e-10,0,0.249120920650127,0.750879078857295
"AHR__P1P2__secondary__FWD__492","AHR__P1P2",0.0527339370359135,0,0.210884728449093,0.736381334514994
"AHR__P1P2__primary__FWD__57","AHR__P1P2",0.311515613494233,0.037253875541297,4.75621562689282e-10,0.651230510488848
"AHR__P1P2__primary__FWD__97","AHR__P1P2",0.311693336770613,8.38067216413521e-10,0.169438767322199,0.518867895069121
"AHR__P1P2__primary__RVS__62","AHR__P1P2",0.176332046456652,1.65585102510176e-10,0.366149093260288,0.457518860117475
"AHR_+_17338744.23-P1P2","AHR__P1P2",0.173606333942891,4.36373855416715e-09,0.0612685083185927,0.765125153374778
"AHR__P1P2__primary__RVS__46","AHR__P1P2",0.449355186026043,0,0,0.550644813973957
"AJUBA_-_23451680.23-P1P2","AJUBA__P1P2",0.0131267665491392,0.278498022978576,0,0.708375210472285
"AJUBA_+_23451722.23-P1P2","AJUBA__P1P2",0.348192529928336,0.105842939307697,0.297149711149458,0.248814819614509
"AJUBA__P1P2__primary__FWD__100","AJUBA__P1P2",0.29507638580456,1.25014934133165e-10,0.381199763486468,0.323723850583957
"AJUBA_+_23451717.23-P1P2","AJUBA__P1P2",0.293266292789767,0.0106724614803149,0.344687381967354,0.351373863762564
"AJUBA__P1P2__primary__RVS__75","AJUBA__P1P2",0.315512861235556,0,0.200159861349755,0.484327277414689
"AJUBA_-_23451297.23-P1P2","AJUBA__P1P2",0.182937994117137,5.73191107572461e-11,0.387653276774335,0.429408729051209
"AJUBA__P1P2__primary__FWD__79","AJUBA__P1P2",0.0147014690080491,0.0826509710406833,0.15396532341413,0.748682236537138
"AJUBA_+_23451466.23-P1P2","AJUBA__P1P2",0.282001150105983,0.0472147859049463,0.280301044604083,0.390483019384988
"AK2__P1P2__primarysecondary__FWD__35","AK2__P1P2",0.225180761642264,0.0486811292441847,0.426087981563685,0.300050127549865
"AK2__P1P2__primarysecondary__RVS__32","AK2__P1P2",0.207606698974425,0,0.190300238341467,0.602093062684108
"AK2__P1P2__primarysecondary__FWD__16","AK2__P1P2",0.0918420813839355,0.0112792986722898,0.43234987947063,0.464528740473145
"AK2__P1P2__primarysecondary__FWD__15","AK2__P1P2",0,7.27169974142171e-10,0.277990572585263,0.722009426687567
"AK2_+_33502194.23-P1P2","AK2__P1P2",0.115389888019006,0.00702614792233819,0.4460630059821,0.431520958076557
"AK2_+_33502042.23-P1P2","AK2__P1P2",0.188304958430111,0,0.41305535811112,0.398639683458769
"AK2_+_33502056.23-P1P2","AK2__P1P2",0.178195355335266,0.0133635238041646,0.331911545446507,0.476529575414062
"AK2_+_33502475.23-P1P2","AK2__P1P2",0.247746142674117,0.126123891830882,0.418810409947447,0.207319555547553
"AKAP10__P1P2__primarysecondary__FWD__75","AKAP10__P1P2",0.293460376877847,1.4129168161448e-09,0.0848241369251665,0.62171548478407
"AKAP10__P1P2__primarysecondary__FWD__54","AKAP10__P1P2",0.0514049575591518,1.45732067240454e-10,0.0541061882445885,0.894488854050528
"AKAP10_+_19881129.23-P1P2","AKAP10__P1P2",0.422900690652595,0,0.141488186699514,0.43561112264789
"AKAP10_+_19881078.23-P1P2","AKAP10__P1P2",0.498415555656441,0,0,0.501584444343559
"AKAP10_+_19881070.23-P1P2","AKAP10__P1P2",0.0338623433443238,0.114178004010045,0.479839110164223,0.372120542481409
"AKAP10_+_19881109.23-P1P2","AKAP10__P1P2",0.105435583456935,0.0694513261114067,0.0952394783066574,0.729873612125001
"AKAP10_+_19881106.23-P1P2","AKAP10__P1P2",0.243955273054649,0,0.0553159255442825,0.700728801401068
"AKAP10__P1P2__primarysecondary__FWD__28","AKAP10__P1P2",0.357042091591279,1.59276179157681e-10,7.39271973142847e-08,0.642957834322248
"AKAP3__P1__primarysecondary__RVS__-25","AKAP3__P1",0,0,0.877821504169628,0.122178495830372
"AKAP3_+_4757792.23-P1","AKAP3__P1",0.134873675096436,0.0307419965934475,0,0.834384328310117
"AKAP3__P1__primarysecondary__RVS__-22","AKAP3__P1",0.0399276143072646,0,0.538516847273713,0.421555538419023
"AKAP3_-_4758224.23-P1","AKAP3__P1",0,0,0.878561806727998,0.121438193272002
"AKAP3__P1__primarysecondary__FWD__68","AKAP3__P1",0.101944464861403,0.0248804925851701,7.70777544593775e-10,0.873175041782649
"AKAP3__P1__primarysecondary__RVS__-24","AKAP3__P1",0.0223034687087803,0,0.577866514255634,0.399830017035586
"AKAP3__P1__primarysecondary__RVS__38","AKAP3__P1",0.277141961020752,0,0.00231506546964298,0.720542973509605
"AKAP3_-_4758021.23-P1","AKAP3__P1",0.068644260646654,0,0.363753087698725,0.567602651654621
"AMOTL1_-_94501540.23-P1P2","AMOTL1__P1P2",0.242361320860599,7.71023432298965e-11,0.34713271725909,0.410505961803209
"AMOTL1_+_94502016.23-P1P2","AMOTL1__P1P2",0.322817622681952,0.0975336122955159,0.0454589393850238,0.534189825637508
"AMOTL1_-_94501560.23-P1P2","AMOTL1__P1P2",0.353739691543952,2.52498985516121e-10,0.328910583566249,0.3173497246373
"AMOTL1_-_94501700.23-P1P2","AMOTL1__P1P2",0.00305671977323782,0,0.0502433667821693,0.946699913444593
"AMOTL1__P1P2__primarysecondary__RVS__67","AMOTL1__P1P2",0.120676406350695,0.00190430074998951,0.474232790951319,0.403186501947997
"AMOTL1__P1P2__primarysecondary__RVS__68","AMOTL1__P1P2",0.229360381938738,0.0277454787042822,0.265214037531854,0.477680101825126
"AMOTL1__P1P2__primarysecondary__FWD__69","AMOTL1__P1P2",0.420111045608176,2.96324795127207e-09,0.311760576252446,0.268128375176129
"AMOTL1__P1P2__primarysecondary__FWD__75","AMOTL1__P1P2",0.190254302905663,2.66832149966033e-09,0.48437693426337,0.325368760162646
"ANAPC13__P1P2__primary__RVS__49","ANAPC13__P1P2",0,0,0.98143527576444,0.0185647242355604
"ANAPC13_-_134204795.23-P1P2","ANAPC13__P1P2",0,1.96311372646599e-11,0.971412866583863,0.0285871333965057
"ANAPC13_-_134204776.23-P1P2","ANAPC13__P1P2",0,0,0.832410182583854,0.167589817416146
"ANAPC13_+_134204787.23-P1P2","ANAPC13__P1P2",0,1.3673116914938e-10,0.952097544540857,0.0479024553224121
"ANAPC13__P1P2__secondary__FWD__73","ANAPC13__P1P2",0,1.35593973583037e-21,0.902322607580532,0.0976773924194684
"ANAPC13__P1P2__secondary__FWD__61","ANAPC13__P1P2",7.12433877924407e-10,0,0.955862251583275,0.0441377477042916
"ANAPC13__P1P2__secondary__FWD__64","ANAPC13__P1P2",0,0,0.926226015251934,0.0737739847480656
"ANAPC13__P1P2__primary__FWD__69","ANAPC13__P1P2",0,0,0.978913236373485,0.0210867636265151
"ANAPC7__P1P2__secondary__FWD__54","ANAPC7__P1P2",0.0556760728068023,1.54881749118714e-10,0.567330955602667,0.376992971435649
"ANAPC7__P1P2__secondary__FWD__51","ANAPC7__P1P2",0.133158538735785,0.0450192836087076,0.110197280559342,0.711624897096165
"ANAPC7__P1P2__secondary__FWD__45","ANAPC7__P1P2",0.178738524253405,0,0.0596610928535493,0.761600382893046
"ANAPC7__P1P2__secondary__RVS__56","ANAPC7__P1P2",0.174473731799003,0,0.0735448323205741,0.751981435880422
"ANAPC7_+_110841088.23-P1P2","ANAPC7__P1P2",0.314146608370107,0,0,0.685853391629893
"ANAPC7_+_110841070.23-P1P2","ANAPC7__P1P2",0.230992197670067,0,0.0699671336151562,0.699040668714777
"ANAPC7_-_110841548.23-P1P2","ANAPC7__P1P2",0.179967496633852,0,0.06438083262755,0.755651670738598
"ANAPC7__P1P2__secondary__FWD__44","ANAPC7__P1P2",0.322258479445718,0.0535584480866565,0.0706669731224178,0.553516099345208
"ANKRA2__P1P2__secondary__FWD__74","ANKRA2__P1P2",0.038491791193678,0.00763226044258679,0.769835646657657,0.184040301706079
"ANKRA2__P1P2__secondary__FWD__59","ANKRA2__P1P2",0.121960841962435,0.0749663519469559,0.320822541604234,0.482250264486376
"ANKRA2_+_72861375.23-P1P2","ANKRA2__P1P2",0.00987353887900019,0,0.854671857362076,0.135454603758924
"ANKRA2__P1P2__primary__FWD__30","ANKRA2__P1P2",0.269844706311561,3.32456154184348e-10,0.443900135010345,0.286255158345637
"ANKRA2_-_72861077.23-P1P2","ANKRA2__P1P2",0.149089312802622,0.11692386144582,2.18166769332577e-10,0.733986825533392
"ANKRA2_-_72861421.23-P1P2","ANKRA2__P1P2",0.012090123977233,0,0.921252352874579,0.0666575231481882
"ANKRA2_-_72860844.23-P1P2","ANKRA2__P1P2",0.0585898796688969,0.000520662960641082,0.739384156294691,0.201505301075771
"ANKRA2__P1P2__secondary__FWD__35","ANKRA2__P1P2",0.322208997277245,0,0.314692655135978,0.363098347586777
"ANKRD17_+_74124498.23-P1P2","ANKRD17__P1P2",0.208911426037743,0.00684707587095035,0.320940092990128,0.46330140510118
"ANKRD17_+_74124492.23-P1P2","ANKRD17__P1P2",0.22483030937419,0,0.181097982836736,0.594071707789074
"ANKRD17__P1P2__primary__FWD__61","ANKRD17__P1P2",0.38727688053918,0.0469657281878403,0.0630465812288625,0.502710810044117
"ANKRD17_-_74124477.23-P1P2","ANKRD17__P1P2",0.232969803898663,0.0281203438642631,0.185491543440369,0.553418308796706
"ANKRD17__P1P2__primary__FWD__72","ANKRD17__P1P2",0.431001002374898,0,0.108522235986789,0.460476761638314
"ANKRD17_+_74124315.23-P1P2","ANKRD17__P1P2",0.0615843668084983,0,0.504341469726439,0.434074163465063
"ANKRD17__P1P2__primary__FWD__28","ANKRD17__P1P2",0.282727117344784,0.0489542175446242,0.182850209267027,0.485468455843565
"ANKRD17_+_74124318.23-P1P2","ANKRD17__P1P2",0.125623586426555,9.32749815178691e-11,0.160223924389634,0.714152489090536
"ANKRD49_-_94226994.23-P1P2","ANKRD49__P1P2",0.00468534150825131,0.0114525124492054,0.869143047092954,0.114719098949589
"ANKRD49_-_94227181.23-P1P2","ANKRD49__P1P2",0.195462602008197,0,1.1241444364552e-09,0.804537396867658
"ANKRD49_+_94227214.23-P1P2","ANKRD49__P1P2",0,0,0.917409347970651,0.0825906520293494
"ANKRD49_+_94226755.23-P1P2","ANKRD49__P1P2",0.0189072462282306,0,0.833032273282813,0.148060480488957
"ANKRD49_-_94227163.23-P1P2","ANKRD49__P1P2",0.267339925864457,0.266738993804761,0.0317576408922261,0.434163439438556
"ANKRD49__P1P2__secondary__RVS__28","ANKRD49__P1P2",9.23713628973842e-10,0.101310524417363,0.326439846897542,0.572249627761382
"ANKRD49__P1P2__secondary__FWD__30","ANKRD49__P1P2",0,0.166794066135139,0.241862649903541,0.591343283961321
"ANKRD49__P1P2__primary__FWD__50","ANKRD49__P1P2",0.0547530153795751,0.0527176164059766,0.198533986222898,0.69399538199155
"ANLN_-_36429499.23-P1P2","ANLN__P1P2",0.332687612772031,0.170596736666166,0.183638823640689,0.313076826921113
"ANLN_+_36429920.23-P1P2","ANLN__P1P2",0.0127897019889393,0.135646454360921,0.568381953125667,0.283181890524473
"ANLN__P1P2__primary__RVS__83","ANLN__P1P2",0.16539973747847,0.187685907619068,0.340200889510565,0.306713465391897
"ANLN_+_36429709.23-P1P2","ANLN__P1P2",0.0407279554163353,0.164713355625965,0.387850667129588,0.406708021828112
"ANLN__P1P2__primary__FWD__7","ANLN__P1P2",0.304926162262141,1.76752823525449e-10,0.0768538694038187,0.618219968157287
"ANLN__P1P2__primary__RVS__97","ANLN__P1P2",0.144333383609038,0.0834436556289118,0,0.77222296076205
"ANLN_-_36429514.23-P1P2","ANLN__P1P2",0.11629917426374,0.158920994284393,0.455530729254079,0.269249102197788
"ANLN__P1P2__primary__FWD__53","ANLN__P1P2",0.111484123080096,0.170390554406768,0.477196007997854,0.240929314515282
"ANP32B__P1P2__primary__RVS__34","ANP32B__P1P2",0.279084497925206,0.157436915226663,1.55208021583418e-09,0.56347858529605
"ANP32B__P1P2__primary__FWD__56","ANP32B__P1P2",0.511334311451196,7.93846255662061e-10,0.0193717919116737,0.469293895843284
"ANP32B__P1P2__primary__RVS__35","ANP32B__P1P2",0.265525483402472,0.0878867290073146,0,0.646587787590213
"ANP32B_-_100746021.23-P1P2","ANP32B__P1P2",0.335361445202961,0.181258004944078,0,0.483380549852961
"ANP32B_-_100746092.23-P1P2","ANP32B__P1P2",0.0271842091297777,0.00184785079119738,0.708815844941974,0.262152095137051
"ANP32B_+_100745631.23-P1P2","ANP32B__P1P2",0.00168791764272576,0.0186814429095523,0.763342381495683,0.216288257952038
"ANP32B_-_100745885.23-P1P2","ANP32B__P1P2",0.386085695134058,0,0,0.613914304865942
"ANP32B_-_100746010.23-P1P2","ANP32B__P1P2",0.449079555383176,0.0664632033636994,1.41808293155581e-10,0.484457241111316
"AP1B1__P1P2__secondary__FWD__75","AP1B1__P1P2",0.272566656016448,0.0686732778895442,0.075687668347425,0.583072397746583
"AP1B1__P1P2__secondary__RVS__61","AP1B1__P1P2",0.0466517269549877,0,0.048678231694392,0.90467004135062
"AP1B1_+_29784475.23-P1P2","AP1B1__P1P2",0.132491055923241,0,0.455847295115153,0.411661648961606
"AP1B1__P1P2__secondary__RVS__29","AP1B1__P1P2",0.13890091700048,0.159422577784889,7.77681034536652e-10,0.70167650443695
"AP1B1_+_29784481.23-P1P2","AP1B1__P1P2",0.0642442493156379,0.0358804403401171,0.474402798314025,0.42547251203022
"AP1B1_-_29784085.23-P1P2","AP1B1__P1P2",0.184233684397181,0,0.178788744209616,0.636977571393203
"AP1B1_+_29784369.23-P1P2","AP1B1__P1P2",0.0200087822048125,0,0.0757585557274385,0.904232662067749
"AP1B1__P1P2__secondary__FWD__36","AP1B1__P1P2",0,0.0514669226011733,0.589931695728978,0.358601381669849
"AP1G1_-_71842296.23-P1P2","AP1G1__P1P2",0.279662835745336,0,0.0384324265307435,0.681904737723921
"AP1G1_-_71842317.23-P1P2","AP1G1__P1P2",0,0,0,1
"AP1G1__P1P2__primary__RVS__70","AP1G1__P1P2",0,0.0986140897698935,0.115775137920047,0.785610772310059
"AP1G1_-_71842491.23-P1P2","AP1G1__P1P2",0.0603903066723817,0.207208806038201,0.0106807460241138,0.721720141265303
"AP1G1__P1P2__primary__FWD__75","AP1G1__P1P2",0.0834101760315722,0.0105921459563773,0.510565969917244,0.395431708094807
"AP1G1__P1P2__secondary__RVS__44","AP1G1__P1P2",0,0,0,1
"AP1G1__P1P2__primary__RVS__25","AP1G1__P1P2",0.0291230193214927,0.0109288977722258,0,0.959948082906282
"AP1G1_-_71842702.23-P1P2","AP1G1__P1P2",0.010399464562255,4.05117032787087e-09,0.299100363896915,0.69050016748966
"AP3B1_+_77590122.23-P1P2","AP3B1__P1P2",0.0420082040118116,0.0663999502428438,0.308251624506184,0.583340221239161
"AP3B1_+_77590437.23-P1P2","AP3B1__P1P2",0.355424463862528,0,0.0735924485427551,0.570983087594717
"AP3B1_-_77590427.23-P1P2","AP3B1__P1P2",0.328174627556082,2.85961949332952e-16,0.0720122034040755,0.599813169039842
"AP3B1_-_77590472.23-P1P2","AP3B1__P1P2",0,0,0,1
"AP3B1_+_77590520.23-P1P2","AP3B1__P1P2",0.457939747419564,8.67255000326493e-11,0,0.542060252493711
"AP3B1__P1P2__secondary__FWD__57","AP3B1__P1P2",0.0646026635848761,0,0,0.935397336415124
"AP3B1__P1P2__secondary__RVS__64","AP3B1__P1P2",0.0704815157048133,0.0461728895910023,0.0153751426899422,0.867970452014242
"AP3B1__P1P2__secondary__RVS__73","AP3B1__P1P2",0,0,0,1
"APEX2_-_55026823.23-P1P2","APEX2__P1P2",0.224348930209538,0.0739685322454728,0,0.701682537544989
"APEX2_-_55026828.23-P1P2","APEX2__P1P2",0.13089792428138,0,0,0.86910207571862
"APEX2__P1P2__secondary__FWD__68","APEX2__P1P2",0.218084188381725,4.77320556052295e-11,0.395578437630051,0.386337373940492
"APEX2_-_55026797.23-P1P2","APEX2__P1P2",0.102699464772699,0.104548708671022,0.456596697422536,0.336155129133743
"APEX2__P1P2__secondary__FWD__70","APEX2__P1P2",0.141888795024308,0.0774290497199979,0.54071705599811,0.239965099257584
"APEX2__P1P2__secondary__FWD__69","APEX2__P1P2",0.0909231868590139,0.152030217373801,0.433792555682511,0.323254040084674
"APEX2__P1P2__secondary__FWD__47","APEX2__P1P2",0.136958111889571,0,0.255977120724246,0.607064767386183
"APEX2_+_55026814.23-P1P2","APEX2__P1P2",0.0270701552390812,0.291668963067319,0.432604098853284,0.248656782840316
"ARAP3__P1P2__secondary__FWD__38","ARAP3__P1P2",0.182444715680468,0.141884928354736,0.121997227945566,0.553673128019229
"ARAP3__P1P2__secondary__RVS__30","ARAP3__P1P2",0.161476024993599,0.171628248385676,0.169538571005209,0.497357155615516
"ARAP3_+_141061775.23-P1P2","ARAP3__P1P2",0.0469036377310107,0.190533996396496,0.0968214976066604,0.665740868265833
"ARAP3__P1P2__secondary__RVS__74","ARAP3__P1P2",0,0.359817752468543,0,0.640182247531457
"ARAP3_+_141061751.23-P1P2","ARAP3__P1P2",0.198589751907066,0.0450895077445639,0.33131664176336,0.425004098585011
"ARAP3_-_141061722.23-P1P2","ARAP3__P1P2",0.283286864394347,0.230853004693453,0.0102165928644267,0.475643538047774
"ARAP3_+_141061783.23-P1P2","ARAP3__P1P2",0.364394888146333,0.223963695714239,0.0202085410766195,0.391432875062809
"ARAP3_+_141061733.23-P1P2","ARAP3__P1P2",0.15921609360186,0.25980068368906,0.112805026237246,0.468178196471834
"ARF1__P1P2__secondary__FWD__64","ARF1__P1P2",0.185398862099024,0,0.0822087783099841,0.732392359590992
"ARF1__P1P2__secondary__RVS__55","ARF1__P1P2",0.21573118717876,2.42270720640494e-09,0.277148130848596,0.507120679549937
"ARF1__P1P2__primary__FWD__34","ARF1__P1P2",0.130904296190837,4.67124054649075e-10,0.0920042873903044,0.777091415951734
"ARF1_+_228270829.23-P1P2","ARF1__P1P2",0.0884544871456566,1.01821813505994e-10,0.410092066666771,0.501453446085751
"ARF1_-_228270444.23-P1P2","ARF1__P1P2",0.106661175971117,0,0.351202450545572,0.542136373483311
"ARF1_-_228270479.23-P1P2","ARF1__P1P2",0.253072430832031,0.110034023902334,0.0954613430789861,0.541432202186648
"ARF1_-_228270510.23-P1P2","ARF1__P1P2",0.115177100706586,0,0.277580915609381,0.607241983684033
"ARF1__P1P2__primary__RVS__30","ARF1__P1P2",0,0,0,1
"ARHGAP11A__32907502__RVS__231","ARHGAP11A__32907502",0.246309582243841,2.83474434983537e-09,0.0636835810225444,0.690006833898871
"ARHGAP11A__32907502__RVS__240","ARHGAP11A__32907502",0.308073943643531,0.0602465866154814,0.227515215471777,0.404164254269211
"ARHGAP11A__32907502__FWD__213","ARHGAP11A__32907502",0.10811600162344,0.00589748418618384,0.0912627318901148,0.794723782300262
"ARHGAP11A__32907502__FWD__225","ARHGAP11A__32907502",0.084570225778792,0.0371117107425402,0,0.878318063478668
"ARHGAP11A__32907502__FWD__89","ARHGAP11A__32907502",0.251175890962117,0.0795158042242264,0.0637499933139222,0.605558311499734
"ARHGAP11A__32907502__FWD__-2","ARHGAP11A__32907502",0,0.0176404562130542,0,0.982359543786946
"ARHGAP11A__32907502__FWD__192","ARHGAP11A__32907502",0.295435448794342,1.53700099132234e-10,0,0.704564551051958
"ARHGAP11A__32907502__FWD__44","ARHGAP11A__32907502",0.32559338602959,5.2922062260561e-11,0.153309535789221,0.521097078128267
"ARHGAP11B__30918117__FWD__90","ARHGAP11B__30918117",0.446667206642423,1.49924467715138e-10,0.174667203978414,0.378665589229239
"ARHGAP11B__30918117__FWD__71","ARHGAP11B__30918117",0.168635273102886,0,0.209110314338578,0.622254412558536
"ARHGAP11B__30918117__RVS__28","ARHGAP11B__30918117",0.042081950684962,0.00363360062028931,0.861076447754822,0.093208000939927
"ARHGAP11B__30918117__RVS__31","ARHGAP11B__30918117",0.0675274441132673,0,0.49921927424335,0.433253281643383
"ARHGAP11B__30918117__RVS__29","ARHGAP11B__30918117",0.204658076740576,0,0,0.795341923259425
"ARHGAP11B__30918117__RVS__27","ARHGAP11B__30918117",0.361850577994792,0,0.0014228065353292,0.636726615469878
"ARHGAP11B__30918117__FWD__66","ARHGAP11B__30918117",0.304926409314898,2.55600769592152e-10,0.00961826958023043,0.685455320849271
"ARHGAP11B__30918117__RVS__30","ARHGAP11B__30918117",0.279401160067387,0,0.203858243534281,0.516740596398331
"ARHGAP12__P1P2__secondary__FWD__57","ARHGAP12__P1P2",0.359619415081483,6.45455394525082e-10,0,0.640380584273061
"ARHGAP12__P1P2__secondary__FWD__56","ARHGAP12__P1P2",0.0424418328423142,0,0.0124335975433015,0.945124569614384
"ARHGAP12_-_32217708.23-P1P2","ARHGAP12__P1P2",0.102965141481309,0.139234273704123,0.340196276996375,0.417604307818193
"ARHGAP12_+_32217575.23-P1P2","ARHGAP12__P1P2",0.279384348137607,0.119383054705293,0.153985762905431,0.447246834251668
"ARHGAP12_-_32217702.23-P1P2","ARHGAP12__P1P2",0.107839122281913,0.0913319647786216,0.419149919449497,0.381678993489968
"ARHGAP12_-_32217314.23-P1P2","ARHGAP12__P1P2",0.107405772771926,0.186728967668112,0.388890642447831,0.316974617112131
"ARHGAP12__P1P2__secondary__RVS__72","ARHGAP12__P1P2",0.173714873641117,0,0.207974805992457,0.618310320366426
"ARHGAP12__P1P2__secondary__FWD__58","ARHGAP12__P1P2",0.276669957129939,0,0.308634447016547,0.414695595853514
"ARHGAP21_+_25012355.23-P1P2","ARHGAP21__P1P2",0.194095814608176,0,0.540096452689826,0.265807732701998
"ARHGAP21_+_25012738.23-P1P2","ARHGAP21__P1P2",0.213460737698229,0,0.323136232358844,0.463403029942927
"ARHGAP21_-_25012404.23-P1P2","ARHGAP21__P1P2",0.228065370957891,0.0356313296064384,0.495905340728517,0.240397958707154
"ARHGAP21_+_25012741.23-P1P2","ARHGAP21__P1P2",0.402323113369558,0.191900231529432,0.0192599048147403,0.38651675028627
"ARHGAP21__P1P2__primary__FWD__71","ARHGAP21__P1P2",0.30860978625492,0.0216339641013791,0.415289195908926,0.254467053734775
"ARHGAP21__P1P2__primary__FWD__72","ARHGAP21__P1P2",0.10554442231278,0.112451590009834,0.375555604996506,0.406448382680879
"ARHGAP21__P1P2__primary__FWD__43","ARHGAP21__P1P2",0.111178752420357,0.0349921640464261,0.212403298290246,0.641425785242971
"ARHGAP21_+_25012583.23-P1P2","ARHGAP21__P1P2",0.261679568776672,0.0282542742429489,0.469103344036276,0.240962812944104
"ARHGAP4__P1__primarysecondary__RVS__41","ARHGAP4__P1",0,0,0.531206238568478,0.468793761431522
"ARHGAP4__P1__primarysecondary__RVS__36","ARHGAP4__P1",0.426907378575285,0,0.0908801355445937,0.482212485880122
"ARHGAP4_-_153200217.23-P1","ARHGAP4__P1",0.0563117179974342,1.47823226101232e-07,0.63913925668519,0.304548877494149
"ARHGAP4_-_153199970.23-P1","ARHGAP4__P1",0.291262557649643,1.95102631075559e-09,0.217071487113161,0.49166595328617
"ARHGAP4_-_153200396.23-P1","ARHGAP4__P1",0.328909419188536,3.27356496645164e-09,0.224152990719992,0.446937586817906
"ARHGAP4_+_153200409.23-P1","ARHGAP4__P1",0.226290066377342,0,0.283696461178577,0.490013472444081
"ARHGAP4__P1__primarysecondary__RVS__44","ARHGAP4__P1",0.0313117602209197,0,0.759146144157627,0.209542095621453
"ARHGAP4_-_153200438.23-P1","ARHGAP4__P1",0,0,0.958004148295322,0.0419958517046781
"ARHGEF18__P1P2__secondary__FWD__91","ARHGEF18__P1P2",0,0,0,1
"ARHGEF18__P1P2__secondary__FWD__87","ARHGEF18__P1P2",0,0.302184739279647,0.117185087951405,0.580630172768948
"ARHGEF18__P1P2__secondary__FWD__94","ARHGEF18__P1P2",0,0.302334044507148,0.155124261258666,0.542541694234187
"ARHGEF18__P1P2__secondary__FWD__76","ARHGEF18__P1P2",0.0665960699865393,0,0,0.933403930013461
"ARHGEF18_-_7460089.23-P1P2","ARHGEF18__P1P2",0.226522628876335,0,1.05929089154129e-10,0.773477371017736
"ARHGEF18__P1P2__secondary__FWD__68","ARHGEF18__P1P2",0.188674714741603,0,0,0.811325285258397
"ARHGEF18_-_7460095.23-P1P2","ARHGEF18__P1P2",0.398730307747055,1.95086637553897e-10,0,0.601269692057858
"ARHGEF18__P1P2__secondary__FWD__75","ARHGEF18__P1P2",0.436734425586571,0,0,0.563265574413429
"ARHGEF2__P1P2__secondary__RVS__65","ARHGEF2__P1P2",0.0446154738567985,0,0,0.955384526143202
"ARHGEF2__P1P2__primary__RVS__54","ARHGEF2__P1P2",0.208648369643568,0.0142319539673439,0,0.777119676389088
"ARHGEF2_-_155948093.23-P1P2","ARHGEF2__P1P2",0.124203518203208,0.231394801480034,0.243232564311625,0.401169116005132
"ARHGEF2__P1P2__primary__FWD__45","ARHGEF2__P1P2",0,0.022092043917625,0.000900701208047749,0.977007254874327
"ARHGEF2_-_155948140.23-P1P2","ARHGEF2__P1P2",0.133894278886628,0.062255728014287,0.243162706442298,0.560687286656787
"ARHGEF2__P1P2__secondary__RVS__50","ARHGEF2__P1P2",0.247238660556666,0.100348404350261,2.47125214906877e-10,0.652412934845948
"ARHGEF2_+_155948688.23-P1P2","ARHGEF2__P1P2",0.395026558962392,0.148892308054841,0.00705710532456233,0.449024027658204
"ARHGEF2_-_155948223.23-P1P2","ARHGEF2__P1P2",0.0094054960728371,0.180926186421246,0.0725108721343715,0.737157445371546
"ARHGEF5__144052240__RVS__41","ARHGEF5__144052240",0.0851896927106247,0,0,0.914810307289375
"ARHGEF5__144052240__RVS__38","ARHGEF5__144052240",0.108580222820959,0.184448382733267,0,0.706971394445774
"ARHGEF5__144052240__RVS__37","ARHGEF5__144052240",0.0400704208441118,5.23118965515021e-09,0.409862312904704,0.550067261019994
"ARHGEF5__144052240__FWD__32","ARHGEF5__144052240",0.0375620828372847,0.0250918757144392,0,0.937346041448276
"ARHGEF5__144052240__FWD__31","ARHGEF5__144052240",0.173740063986765,0.0819127608058022,0.0470611423694532,0.697286032837979
"ARHGEF5__144052240__FWD__35","ARHGEF5__144052240",0.404172076449922,0,4.41051694151598e-09,0.595827919139561
"ARHGEF5__144052240__RVS__42","ARHGEF5__144052240",0.087118483537967,0,0.0878454289712733,0.82503608749076
"ARHGEF5__144052240__RVS__46","ARHGEF5__144052240",0.0431292474724646,0.00309470271779839,0,0.953776049809737
"ARID1A__P1P2__primarysecondary__RVS__51","ARID1A__P1P2",0.106378257349628,8.07559090668098e-11,0.196553153355622,0.697068589213994
"ARID1A__P1P2__primarysecondary__FWD__60","ARID1A__P1P2",0.384579505041755,0.0090780614090108,0,0.606342433549234
"ARID1A_-_27022545.23-P1P2","ARID1A__P1P2",0.380399747796208,0.03938144386129,0,0.580218808342502
"ARID1A_+_27022504.23-P1P2","ARID1A__P1P2",0.279806047628677,0.0577658880370026,0,0.66242806433432
"ARID1A_-_27022530.23-P1P2","ARID1A__P1P2",0.283659612320899,0.0728022879074416,1.69251863095148e-10,0.643538099602407
"ARID1A_+_27022576.23-P1P2","ARID1A__P1P2",0.0714926399116327,0.180321410328663,0,0.748185949759705
